-3.002651967108249664e-03
-3.002738812938332558e-03
1.750793099403381348e+00
2.150113344192504883e+00
1.280131459236145020e+00
9.589884281158447266e-01
-3.002680838108062744e-03
-3.002724144607782364e-03
-3.002705052495002747e-03
-3.002521349117159843e-03
-3.002553246915340424e-03
1.642610311508178711e+00
2.148365974426269531e+00
1.519572615623474121e+00
2.579242944717407227e+00
-3.002694109454751015e-03
-3.002696437761187553e-03
1.412901878356933594e+00
-3.002601210027933121e-03
1.357615113258361816e+00
-3.002727637067437172e-03
2.053834199905395508e+00
-3.002715762704610825e-03
-3.002724843099713326e-03
-3.000780474394559860e-03
3.669080734252929688e+00
1.523345708847045898e+00
1.769030570983886719e+00
2.552984476089477539e+00
2.162892818450927734e+00
8.949816823005676270e-01
-3.002572571858763695e-03
4.894155502319335938e+00
-3.000721801072359085e-03
2.452809572219848633e+00
1.637701869010925293e+00
2.020632266998291016e+00
2.183508872985839844e+00
-3.002665704116225243e-03
-3.001641714945435524e-03
1.488956451416015625e+00
-3.002646146342158318e-03
2.688972949981689453e+00
9.000983238220214844e-01
1.710551619529724121e+00
8.613555431365966797e-01
-3.002655226737260818e-03
-3.002632642164826393e-03
4.026854038238525391e+00
1.759230136871337891e+00
-3.002692013978958130e-03
2.260389089584350586e+00
-3.002739278599619865e-03
9.843190312385559082e-01
-3.002713667228817940e-03
-3.002738114446401596e-03
1.451833009719848633e+00
-3.002712037414312363e-03
9.132333397865295410e-01
-3.002738114446401596e-03
-3.002637531608343124e-03
-3.002665005624294281e-03
-3.002713900059461594e-03
2.951601505279541016e+00
1.948358535766601562e+00
2.238367557525634766e+00
-3.002742771059274673e-03
3.867104530334472656e+00
1.421205639839172363e+00
1.940028429031372070e+00
-3.002643119543790817e-03
3.745129346847534180e+00
-3.002738812938332558e-03
1.421537041664123535e+00
-3.002737648785114288e-03
-3.002714598551392555e-03
-3.002683166414499283e-03
-3.810352385044097900e-01
2.350283622741699219e+00
-3.002448007464408875e-03
-3.002735087648034096e-03
1.907660722732543945e+00
1.135010600090026855e+00
-3.002711338922381401e-03
-3.002708079293370247e-03
-3.002732293680310249e-03
1.944975972175598145e+00
4.339552879333496094e+00
2.944491386413574219e+00
4.467947959899902344e+00
9.689807891845703125e-01
7.877368927001953125e-01
-3.002583980560302734e-03
-3.002731129527091980e-03
1.947117209434509277e+00
-3.002727171406149864e-03
-3.002742305397987366e-03
-3.002730198204517365e-03
1.095944523811340332e+00
1.221141457557678223e+00
-3.002142067998647690e-03
-3.002288052812218666e-03
-3.002241253852844238e-03
-3.002736950293183327e-03
-3.002703189849853516e-03
2.075422048568725586e+00
2.381305932998657227e+00
1.101397514343261719e+00
1.139683723449707031e+00
-3.002583980560302734e-03
-3.002729034051299095e-03
-3.002686658874154091e-03
1.205322623252868652e+00
-3.002542071044445038e-03
2.587510347366333008e+00
2.655349016189575195e+00
1.637878537178039551e+00
1.831532001495361328e+00
1.126534819602966309e+00
-3.002406796440482140e-03
7.896861433982849121e-01
2.293799400329589844e+00
-3.002721117809414864e-03
1.390185117721557617e+00
-3.002714598551392555e-03
3.383120298385620117e+00
1.551546335220336914e+00
1.325733304023742676e+00
3.736269235610961914e+00
-3.002179320901632309e-03
1.129822850227355957e+00
-3.002427751198410988e-03
-3.002717858180403709e-03
1.134670615196228027e+00
2.241558313369750977e+00
2.257197856903076172e+00
2.945090532302856445e+00
-3.002675715833902359e-03
2.136610031127929688e+00
-3.002395853400230408e-03
4.406640052795410156e+00
1.905659675598144531e+00
1.654113292694091797e+00
-3.002739511430263519e-03
-3.002732526510953903e-03
-3.002015640959143639e-03
1.859824776649475098e+00
-3.002539742738008499e-03
1.794255018234252930e+00
-3.002685261890292168e-03
1.588246583938598633e+00
-3.002662444487214088e-03
-3.002646146342158318e-03
1.635877251625061035e+00
-3.002669196575880051e-03
-3.002566052600741386e-03
1.793130159378051758e+00
1.296317934989929199e+00
-3.002720186486840248e-03
1.340158224105834961e+00
1.055705666542053223e+00
-3.001906210556626320e-03
-3.002539742738008499e-03
-3.002591896802186966e-03
-3.002736484631896019e-03
-2.999566728249192238e-03
1.974931836128234863e+00
-3.002726472914218903e-03
2.402752399444580078e+00
1.341924905776977539e+00
1.290910243988037109e+00
-3.002709010615944862e-03
-3.002718556672334671e-03
2.002653837203979492e+00
-3.002704586833715439e-03
-3.002724377438426018e-03
-3.002711804583668709e-03
-3.001828910782933235e-03
2.499677658081054688e+00
9.891832470893859863e-01
-3.002727637067437172e-03
-3.002735320478677750e-03
-3.002544166520237923e-03
-3.002343233674764633e-03
-3.002733457833528519e-03
-3.002013778313994408e-03
-3.002712037414312363e-03
-2.946947235614061356e-03
-3.002610756084322929e-03
1.845625519752502441e+00
1.038016915321350098e+00
1.571490764617919922e+00
-3.002677345648407936e-03
-3.002724843099713326e-03
-3.002694109454751015e-03
-3.002732293680310249e-03
4.291280746459960938e+00
-3.002475947141647339e-03
-3.002537414431571960e-03
-3.002732293680310249e-03
-3.002709476277232170e-03
1.465962171554565430e+00
-2.993951784446835518e-03
-3.000854048877954483e-03
1.091642856597900391e+00
-3.002349520102143288e-03
2.948273181915283203e+00
8.940693140029907227e-01
3.517469882965087891e+00
-3.002591896802186966e-03
1.810603976249694824e+00
1.544229030609130859e+00
-3.002691781148314476e-03
-3.002673620358109474e-03
2.864120006561279297e+00
2.057889223098754883e+00
-3.002644050866365433e-03
1.765139698982238770e+00
1.823144555091857910e+00
1.792669177055358887e+00
2.396717071533203125e+00
3.005364418029785156e+00
2.512008428573608398e+00
-3.002698998898267746e-03
-3.002045443281531334e-03
-3.002471523359417915e-03
-3.002736717462539673e-03
-3.002616809681057930e-03
-3.002535086125135422e-03
1.417090058326721191e+00
1.783849596977233887e+00
1.673588752746582031e+00
-3.002330195158720016e-03
-3.002619370818138123e-03
-3.002619370818138123e-03
1.182598710060119629e+00
-3.002722514793276787e-03
1.247473597526550293e+00
2.364270925521850586e+00
-3.002364886924624443e-03
1.154892206192016602e+00
-3.002282232046127319e-03
-3.002662444487214088e-03
-3.002590965479612350e-03
1.819065451622009277e+00
-3.002428915351629257e-03
2.315528631210327148e+00
-3.002718556672334671e-03
-3.002367680892348289e-03
-3.002587240189313889e-03
-3.002415411174297333e-03
-3.002713201567530632e-03
-3.002508077770471573e-03
3.713773190975189209e-01
-3.002732992172241211e-03
1.127021670341491699e+00
