3.121402740478515625e+00
-1.563260912895202637e+00
-3.186561584472656250e+00
-5.529661178588867188e+00
-1.397233486175537109e+00
2.946729660034179688e+00
-8.667311072349548340e-01
-1.392201614379882812e+01
-2.376859664916992188e+00
-5.509607315063476562e+00
-3.173961341381072998e-01
-4.035867214202880859e+00
-3.500868797302246094e+00
-8.666920661926269531e+00
-1.147714233398437500e+01
-1.411422729492187500e+00
-4.842417716979980469e+00
-4.579280853271484375e+00
-2.086928606033325195e+00
-6.877422809600830078e+00
-5.282648086547851562e+00
-1.249409675598144531e+00
-7.131208665668964386e-03
-5.533264160156250000e+00
-6.372264385223388672e+00
-5.956437587738037109e+00
-9.019454002380371094e+00
-7.331763744354248047e+00
-2.057771444320678711e+00
-6.848755359649658203e+00
2.690361976623535156e+00
-6.314444541931152344e+00
-8.768871307373046875e+00
-1.098067641258239746e+00
2.963108301162719727e+00
-6.761668205261230469e+00
-5.588128566741943359e+00
-2.377555131912231445e+00
-4.876320362091064453e+00
3.045356750488281250e+00
-1.017471694946289062e+01
-2.138948440551757812e+00
-4.956451892852783203e+00
-4.212069034576416016e+00
-7.136069297790527344e+00
-4.046027660369873047e+00
-1.790953040122985840e+00
-1.127720355987548828e+01
-7.421977043151855469e+00
-5.503540039062500000e+00
-4.618318557739257812e+00
-7.350338935852050781e+00
-4.510691165924072266e+00
-9.965289115905761719e+00
-4.174294471740722656e+00
-5.222993850708007812e+00
-8.833206295967102051e-01
-4.858921527862548828e+00
-7.338349819183349609e+00
2.954969882965087891e+00
-2.752842187881469727e+00
-4.827401161193847656e+00
3.073691129684448242e+00
-4.730641841888427734e+00
-3.234107017517089844e+00
-5.925745487213134766e+00
-4.230084419250488281e+00
-1.513612031936645508e+00
-2.764209270477294922e+00
-1.097241497039794922e+01
-5.479997634887695312e+00
-5.834447383880615234e+00
-5.058576583862304688e+00
-8.180096626281738281e+00
-8.814671516418457031e+00
1.257003903388977051e+00
-5.631883621215820312e+00
-8.512727022171020508e-01
-6.162792205810546875e+00
-5.710301876068115234e+00
-5.369438171386718750e+00
-4.646938800811767578e+00
-5.893095970153808594e+00
-3.430068731307983398e+00
-2.516405582427978516e+00
-2.655773401260375977e+00
3.271571397781372070e+00
-3.790644645690917969e+00
3.051660060882568359e+00
-5.565701961517333984e+00
-3.145142078399658203e+00
-5.161851406097412109e+00
-2.129391431808471680e+00
-1.880884647369384766e+00
-3.957535982131958008e+00
-8.001626014709472656e+00
-6.081984043121337891e+00
-1.284950160980224609e+01
-7.430394291877746582e-01
-2.095037460327148438e+00
-2.560939073562622070e+00
-4.491929531097412109e+00
-6.346790790557861328e+00
-6.001213550567626953e+00
-4.385000228881835938e+00
-2.547675609588623047e+00
-3.017234086990356445e+00
-7.048845767974853516e+00
9.447376728057861328e-01
-8.368429183959960938e+00
-6.982782840728759766e+00
-8.568736076354980469e+00
-5.109165191650390625e+00
-4.889651775360107422e+00
-6.250283718109130859e+00
-4.960551738739013672e+00
2.915807485580444336e+00
-7.622434139251708984e+00
-1.407270550727844238e+00
-3.272070646286010742e+00
4.730369448661804199e-01
-4.036438465118408203e+00
-4.526289463043212891e+00
-3.435770273208618164e+00
-3.723005771636962891e+00
-5.801167011260986328e+00
-4.646856784820556641e+00
-1.007013440132141113e+00
2.887277364730834961e+00
-5.804942607879638672e+00
2.458431243896484375e+00
-1.024987506866455078e+01
-4.680999755859375000e+00
-5.350757122039794922e+00
-6.156233310699462891e+00
-1.225498318672180176e+00
-5.278633117675781250e+00
-7.755513668060302734e+00
-1.215545296669006348e+00
-4.318593978881835938e+00
-5.248730659484863281e+00
-2.481934309005737305e+00
-6.640311241149902344e+00
1.064016669988632202e-01
-4.952004432678222656e+00
-1.732451915740966797e+00
-5.895593643188476562e+00
-2.558402299880981445e+00
-1.898724079132080078e+00
-7.287712097167968750e+00
-3.030900478363037109e+00
-3.816533803939819336e+00
-9.178112745285034180e-01
-6.658094882965087891e+00
3.029730081558227539e+00
-3.350291967391967773e+00
-5.378156661987304688e+00
-8.943177223205566406e+00
-5.264932155609130859e+00
-2.697091102600097656e+00
-2.807720422744750977e+00
-4.051726341247558594e+00
-1.844273328781127930e+00
-3.286185741424560547e+00
-5.113504886627197266e+00
-5.008389472961425781e+00
-5.200582027435302734e+00
-3.871677637100219727e+00
-1.192646145820617676e+00
-3.209722995758056641e+00
-2.906392574310302734e+00
-6.063514351844787598e-01
-5.714712619781494141e+00
-7.193487644195556641e+00
-5.958597183227539062e+00
-5.101496219635009766e+00
-9.713910102844238281e+00
-3.334717035293579102e+00
-3.537482500076293945e+00
-3.079581499099731445e+00
-8.264205932617187500e+00
-2.391430377960205078e+00
-2.743962526321411133e+00
-5.874219417572021484e+00
-5.426274299621582031e+00
8.407936990261077881e-02
-3.489860296249389648e+00
-4.087147235870361328e+00
-3.338576555252075195e+00
3.306600809097290039e+00
-1.646803855895996094e+00
1.714151144027709961e+00
3.347590684890747070e+00
-6.366626739501953125e+00
-4.144112586975097656e+00
-4.318684101104736328e+00
-6.745595932006835938e+00
-5.210135459899902344e+00
-2.664704561233520508e+00
-6.511456489562988281e+00
-4.176906585693359375e+00
-2.888680458068847656e+00
-3.414262771606445312e+00
-2.627265214920043945e+00
-6.483253002166748047e+00
-3.965427637100219727e+00
-4.344271183013916016e+00
-2.946221351623535156e+00
4.040589332580566406e+00
-5.595937252044677734e+00
-4.888576507568359375e+00
3.145416378974914551e-01
-1.152373194694519043e+00
-5.133054256439208984e+00
-3.831387042999267578e+00
-4.934520721435546875e+00
-4.563282489776611328e+00
-2.762999534606933594e+00
-5.521498322486877441e-01
-6.910097122192382812e+00
-3.882565021514892578e+00
-7.851434230804443359e+00
-4.450333595275878906e+00
-4.387106895446777344e+00
-3.403733491897583008e+00
-4.650208473205566406e+00
-4.095540046691894531e+00
-6.863236427307128906e+00
-4.192692279815673828e+00
-1.039509624242782593e-01
-3.993314504623413086e+00
-5.163610935211181641e+00
-9.325770378112792969e+00
-6.184607982635498047e+00
-5.574816226959228516e+00
-1.264715671539306641e+00
1.901795506477355957e+00
-4.393653869628906250e+00
-4.316855907440185547e+00
2.945657968521118164e+00
-5.340840816497802734e+00
-9.768511056900024414e-01
-5.170106887817382812e+00
-9.035801887512207031e-01
-5.127901554107666016e+00
-5.317013263702392578e+00
-5.645623683929443359e+00
-3.433913469314575195e+00
3.743868589401245117e+00
-7.552904605865478516e+00
1.935501396656036377e-01
-7.389417171478271484e+00
-7.311219215393066406e+00
-5.676474094390869141e+00
-7.954032421112060547e+00
-3.879704952239990234e+00
