4.541633278131484985e-02
2.023656293749809265e-02
2.354052104055881500e-02
6.231548264622688293e-02
2.439660951495170593e-02
2.134921401739120483e-02
7.902789860963821411e-03
2.352087758481502533e-02
1.250025536864995956e-02
1.719810999929904938e-02
3.421364352107048035e-02
7.214871048927307129e-02
-2.399655058979988098e-03
-6.173283327370882034e-03
7.515178993344306946e-03
-3.184646833688020706e-03
2.266063168644905090e-02
3.945786505937576294e-02
3.921772912144660950e-02
6.862704455852508545e-02
7.964706420898437500e-02
1.421055663377046585e-02
2.182126790285110474e-02
7.790890056639909744e-03
3.301368653774261475e-02
-1.292526256293058395e-02
2.724718488752841949e-02
3.756213560700416565e-02
-8.180102705955505371e-02
2.085782401263713837e-02
6.619751453399658203e-02
-4.950493574142456055e-03
8.209583908319473267e-02
3.778241202235221863e-02
3.125360235571861267e-02
4.914478212594985962e-02
6.524195522069931030e-02
6.184393912553787231e-02
7.310608774423599243e-02
9.321157820522785187e-03
1.090240571647882462e-02
2.279021218419075012e-02
7.044862955808639526e-02
7.470049709081649780e-02
4.310104995965957642e-02
1.333627477288246155e-02
1.792979799211025238e-02
3.851361945271492004e-02
6.867876648902893066e-02
5.432422831654548645e-02
7.769579440355300903e-02
-5.346211139112710953e-03
1.439009793102741241e-02
4.664870351552963257e-02
3.678353503346443176e-02
5.449583381414413452e-02
4.410102963447570801e-02
-4.019030835479497910e-03
1.450521685183048248e-02
1.231653057038784027e-02
5.208341032266616821e-02
3.802867978811264038e-02
1.100050471723079681e-02
-1.931112073361873627e-02
2.805406972765922546e-02
7.090329378843307495e-02
6.283345818519592285e-02
6.397589296102523804e-02
5.761874467134475708e-02
6.680015940219163895e-03
7.328476011753082275e-02
6.336331716738641262e-04
2.737761288881301880e-02
5.300088599324226379e-02
1.292759831994771957e-02
6.392973661422729492e-02
5.453661456704139709e-02
-1.017300784587860107e-02
3.366658836603164673e-02
-4.467174876481294632e-03
1.313615404069423676e-02
3.844242915511131287e-02
3.690513223409652710e-02
4.919541999697685242e-02
2.436211891472339630e-02
5.089028552174568176e-02
6.290691345930099487e-02
2.253317087888717651e-02
2.095217816531658173e-02
3.819016739726066589e-02
6.441231817007064819e-02
2.609259448945522308e-02
8.189451880753040314e-03
7.264253497123718262e-02
4.547526314854621887e-02
5.448820441961288452e-02
4.277543723583221436e-02
5.312770605087280273e-03
-2.455774927511811256e-03
2.149532362818717957e-02
3.820415586233139038e-02
6.636979989707469940e-03
-1.849557831883430481e-02
9.564111940562725067e-03
2.742068842053413391e-02
2.034648507833480835e-02
7.339071482419967651e-02
1.607553847134113312e-02
-1.822751201689243317e-02
7.178721576929092407e-02
9.473086334764957428e-03
5.760735645890235901e-02
1.690984144806861877e-02
3.975556790828704834e-02
2.920125611126422882e-02
1.378909591585397720e-02
-6.412730086594820023e-03
-2.690880186855792999e-02
7.982974499464035034e-02
2.500451542437076569e-02
6.548355519771575928e-02
2.786484174430370331e-02
6.490342319011688232e-02
1.344101037830114365e-03
5.484944581985473633e-02
2.086424641311168671e-02
4.483149200677871704e-02
2.675680816173553467e-02
5.459232255816459656e-02
-1.685498841106891632e-02
-1.334194932132959366e-02
4.398420080542564392e-02
8.193150162696838379e-03
3.884237632155418396e-02
6.596866250038146973e-02
6.909860670566558838e-02
7.436271011829376221e-02
3.184939175844192505e-02
1.866709254682064056e-02
2.212782576680183411e-02
1.441671513020992279e-02
3.729056194424629211e-02
7.718038558959960938e-02
6.670504063367843628e-02
9.933931287378072739e-04
8.526308089494705200e-02
8.091177046298980713e-02
-4.856823384761810303e-02
1.355985552072525024e-02
5.839835386723279953e-03
4.577633738517761230e-02
4.100245609879493713e-02
3.883529920130968094e-03
4.329192638397216797e-02
1.688894443213939667e-02
1.375988684594631195e-02
-5.463609844446182251e-02
8.358187187695875764e-05
4.685730487108230591e-02
-3.708047419786453247e-02
3.789356723427772522e-02
4.667786881327629089e-02
1.202847436070442200e-02
-7.156737614423036575e-03
8.033195137977600098e-02
3.240160644054412842e-02
6.134929135441780090e-02
5.524370819330215454e-03
2.686802484095096588e-02
6.005620956420898438e-02
5.901123955845832825e-02
-3.636967390775680542e-02
5.480627343058586121e-02
6.817433983087539673e-02
6.640205532312393188e-02
3.522167727351188660e-02
-6.137558445334434509e-02
3.923375532031059265e-02
2.345051802694797516e-02
5.716713145375251770e-02
7.507514208555221558e-02
3.112181276082992554e-02
3.296948969364166260e-02
2.584536373615264893e-02
1.979634538292884827e-02
2.587914466857910156e-02
4.146425053477287292e-03
6.477580219507217407e-02
3.299874067306518555e-02
2.543211542069911957e-02
3.642552718520164490e-02
-3.281129896640777588e-02
1.116438489407300949e-02
3.872656449675559998e-02
2.740589901804924011e-02
4.235811531543731689e-02
4.446160048246383667e-02
5.915135145187377930e-02
7.912989705801010132e-03
1.962020434439182281e-02
4.078033939003944397e-02
7.666643708944320679e-02
7.150186598300933838e-02
-1.098791416734457016e-02
-1.574110984802246094e-02
5.016634240746498108e-02
7.801722735166549683e-03
4.709882661700248718e-02
4.831855744123458862e-02
4.501555114984512329e-02
2.841900475323200226e-02
2.415019832551479340e-02
-6.390012800693511963e-02
7.936155796051025391e-02
-1.455988828092813492e-02
8.236912637948989868e-02
6.750939041376113892e-02
7.299502193927764893e-02
3.833946213126182556e-02
6.782256066799163818e-02
-5.908844247460365295e-02
-2.030339464545249939e-02
2.489502355456352234e-02
2.652826346457004547e-02
1.293807104229927063e-02
-2.590222656726837158e-02
1.307379174977540970e-02
1.435598544776439667e-02
8.219861239194869995e-02
1.406322885304689407e-02
3.832843899726867676e-02
2.480338700115680695e-02
1.421244256198406219e-02
1.270947605371475220e-02
-5.867328494787216187e-03
3.338946029543876648e-02
-4.073780402541160583e-02
4.494662280194461346e-04
2.665138244628906250e-02
4.071232303977012634e-02
4.994910582900047302e-02
-1.768527086824178696e-03
5.610696226358413696e-02
4.551961645483970642e-02
6.146235764026641846e-02
9.630676358938217163e-03
4.436890035867691040e-02
6.993667036294937134e-02
-1.867205835878849030e-02
4.121011123061180115e-03
5.281998589634895325e-02
1.161431334912776947e-02
-1.160269137471914291e-02
2.295088768005371094e-02
6.546007003635168076e-03
1.005921885371208191e-02
