4.156767856329679489e-03
-2.476932015269994736e-03
2.004381269216537476e-02
2.370994351804256439e-02
4.021079838275909424e-02
9.118784219026565552e-03
3.677120804786682129e-02
5.280507728457450867e-02
-4.391852708067744970e-04
-6.945917266421020031e-04
-5.081556737422943115e-04
-1.812013797461986542e-03
1.964729046449065208e-03
9.765900904312729836e-05
-1.617889851331710815e-02
4.449338093400001526e-02
4.479891806840896606e-02
-6.052443641237914562e-04
-4.470343119464814663e-04
1.230643130838871002e-02
1.009286008775234222e-02
-7.331709493882954121e-04
8.691077237017452717e-04
5.047571845352649689e-03
3.252314776182174683e-02
-1.258708350360393524e-02
5.655279755592346191e-02
1.242945622652769089e-02
-3.063226817175745964e-03
-1.410250645130872726e-02
9.166254661977291107e-03
7.073839195072650909e-03
-4.687627078965306282e-04
1.296353433281183243e-02
-8.958436548709869385e-03
-1.496640406548976898e-02
-5.573992966674268246e-04
1.114803086966276169e-02
4.907389357686042786e-02
1.059332303702831268e-02
-5.105853546410799026e-03
2.739463187754154205e-02
-7.218278944492340088e-03
6.228575482964515686e-03
2.465375000610947609e-04
1.019309833645820618e-02
5.037469789385795593e-02
9.789378382265567780e-03
-4.186361562460660934e-03
-3.446696791797876358e-04
5.250164121389389038e-02
-1.351966784568503499e-04
-2.382030710577964783e-03
7.151642348617315292e-03
5.721658840775489807e-02
2.041651494801044464e-02
5.944825243204832077e-03
2.522603608667850494e-03
-3.735649585723876953e-02
2.397459745407104492e-02
4.468977451324462891e-02
1.206606253981590271e-02
-1.201891645905561745e-04
1.228624721989035606e-03
1.463967189192771912e-02
-2.963864244520664215e-04
-9.211953729391098022e-03
1.327363075688481331e-03
2.181920036673545837e-02
-5.017810035496950150e-04
-5.518490215763449669e-04
-5.405987612903118134e-03
-1.556335855275392532e-02
1.619148440659046173e-02
4.729422926902770996e-02
4.734540730714797974e-02
-5.249688401818275452e-04
1.437481958419084549e-02
6.950602680444717407e-02
1.749460026621818542e-02
-8.418697118759155273e-02
1.234639715403318405e-02
4.981259629130363464e-02
-9.225589456036686897e-04
3.819321468472480774e-02
2.356066182255744934e-02
-3.614633460529148579e-04
-1.326876081293448806e-04
-9.225559770129621029e-04
4.168470576405525208e-02
6.095241988077759743e-04
-1.302257366478443146e-02
3.280940232798457146e-03
-4.219831607770174742e-04
1.415918697603046894e-03
-1.360815763473510742e-02
-6.264078547246754169e-04
-1.890860684216022491e-02
3.120656125247478485e-02
1.666127890348434448e-02
5.625151842832565308e-02
-1.263279467821121216e-02
-7.990668527781963348e-03
5.050586536526679993e-02
1.366921607404947281e-02
-1.013117935508489609e-02
1.082131452858448029e-02
1.199136860668659210e-02
-4.073436837643384933e-03
-6.930872332304716110e-04
-6.031270604580640793e-03
-5.468387971632182598e-04
1.116700659622438252e-04
-4.867948591709136963e-04
6.561710685491561890e-02
-1.761282607913017273e-02
4.172202199697494507e-02
-2.774108143057674170e-04
7.722549885511398315e-02
1.148493401706218719e-02
-1.746614836156368256e-02
4.903723299503326416e-02
-3.959271416533738375e-04
-4.669667687267065048e-03
-4.435630398802459240e-04
1.677522994577884674e-02
-7.802986074239015579e-04
9.121695533394813538e-03
1.300858799368143082e-03
1.687207072973251343e-02
-1.841246616095304489e-03
-2.271696180105209351e-02
-4.390987742226570845e-04
3.679715842008590698e-02
-9.163692593574523926e-04
7.449005264788866043e-03
-1.122247055172920227e-02
1.121015567332506180e-02
1.734141260385513306e-02
1.139655523002147675e-02
-1.772556453943252563e-02
8.289863355457782745e-03
-6.079464801587164402e-04
5.491942167282104492e-03
-5.428863223642110825e-04
4.608768969774246216e-03
7.085340097546577454e-03
7.997902110219001770e-03
-1.123213861137628555e-02
4.165521636605262756e-02
-5.402688402682542801e-04
-3.813785500824451447e-03
5.588142201304435730e-02
2.345402911305427551e-02
1.147487945854663849e-02
2.985744969919323921e-03
-5.185171030461788177e-04
8.598580956459045410e-03
1.850046962499618530e-02
-7.054936140775680542e-04
-5.012092879042029381e-04
2.257357165217399597e-02
2.871587127447128296e-02
5.935796350240707397e-02
3.180434927344322205e-02
-7.932328619062900543e-03
1.382025144994258881e-02
1.037610601633787155e-02
-3.612795844674110413e-04
-9.010925889015197754e-03
4.245387762784957886e-02
1.232411991804838181e-02
8.632858225610107183e-05
7.636059820652008057e-02
1.222994085401296616e-02
-6.827613105997443199e-04
5.075399577617645264e-02
9.585190564393997192e-03
-1.776252873241901398e-02
1.268653664737939835e-02
9.541200473904609680e-03
1.872984692454338074e-02
1.230137702077627182e-02
3.335598623380064964e-03
-1.258143503218889236e-02
1.161835738457739353e-03
1.659423485398292542e-02
-8.213315159082412720e-03
3.448777273297309875e-02
2.999672107398509979e-02
2.689153701066970825e-02
-7.222892250865697861e-03
1.213744375854730606e-02
3.523958614096045494e-03
-9.441560250706970692e-04
-3.692788304761052132e-04
-7.629286032170057297e-03
-3.476666461210697889e-04
1.811555400490760803e-02
-4.520240763667970896e-04
7.875516079366207123e-03
1.800460927188396454e-02
8.585490286350250244e-03
-3.988987300544977188e-04
-3.770854091271758080e-04
5.056302994489669800e-03
5.404571536928415298e-03
-7.132945465855300426e-04
-7.360299350693821907e-04
-3.662574163172394037e-04
5.625828728079795837e-02
2.049590088427066803e-02
-4.868147952947765589e-04
-6.687241839244961739e-04
-9.740422479808330536e-03
5.533015355467796326e-02
-6.044128676876425743e-04
1.871916092932224274e-02
5.351045355200767517e-02
5.797108635306358337e-02
7.570639718323945999e-03
5.987304821610450745e-02
-5.383848329074680805e-04
8.967222645878791809e-03
-5.168308853171765804e-04
3.486488386988639832e-02
2.574676834046840668e-02
8.214113116264343262e-02
-3.839832788798958063e-04
4.762023163493722677e-04
1.003658026456832886e-02
3.326408565044403076e-02
6.008319556713104248e-02
-3.831696463748812675e-03
-5.512041971087455750e-04
3.705433628056198359e-04
7.156467763707041740e-04
1.406341418623924255e-02
3.081361297518014908e-03
2.563505247235298157e-02
3.726100549101829529e-02
-1.949883997440338135e-02
2.616534195840358734e-02
-5.181648768484592438e-03
3.753142803907394409e-02
-2.806597389280796051e-02
1.109245605766773224e-02
1.003881637006998062e-02
1.784966140985488892e-02
-8.743881480768322945e-04
1.341542787849903107e-02
6.108059734106063843e-02
1.439973525702953339e-02
6.360541284084320068e-02
1.214041095227003098e-02
-3.521714359521865845e-03
