4.321745363995432854e-04
-1.722866902127861977e-03
1.797821000218391418e-02
-5.069740861654281616e-02
4.207347054034471512e-03
-6.545245647430419922e-03
-2.486118488013744354e-02
-1.091085281223058701e-02
1.426318194717168808e-02
-3.237019851803779602e-02
1.171554811298847198e-02
-9.172912687063217163e-03
-1.550903636962175369e-02
-4.029876366257667542e-02
7.905776612460613251e-03
1.948831230401992798e-02
-4.764726385474205017e-02
1.469418592751026154e-02
2.321260282769799232e-03
5.208990350365638733e-02
4.446954699233174324e-04
-1.677259453572332859e-03
