2.229305058717727661e-01
1.495216339826583862e-01
2.128786146640777588e-01
1.957449465990066528e-01
2.070400118827819824e-01
3.092705309391021729e-01
1.598402410745620728e-01
3.127139210700988770e-01
1.722021400928497314e-01
2.515937685966491699e-01
1.136895120143890381e-01
-1.370402332395315170e-02
3.478294983506202698e-02
2.300033532083034515e-02
2.722148001194000244e-01
7.266780734062194824e-02
3.084885776042938232e-01
2.051247954368591309e-01
1.107778400182723999e-01
1.212244927883148193e-01
3.972690701484680176e-01
1.675169020891189575e-01
2.490533292293548584e-01
5.938284397125244141e-01
-2.513951063156127930e-01
4.597674012184143066e-01
-6.148680672049522400e-02
2.212689630687236786e-02
3.689937293529510498e-01
2.209116369485855103e-01
2.479572147130966187e-01
1.438194811344146729e-01
2.394210845232009888e-01
4.506024718284606934e-01
2.680768370628356934e-01
3.041187226772308350e-01
1.116765588521957397e-01
2.759212255477905273e-01
-1.573090106248855591e-01
-1.897742152214050293e-01
1.412256658077239990e-01
2.249837964773178101e-01
5.434549599885940552e-02
1.711418479681015015e-01
6.811181455850601196e-02
1.010883301496505737e-01
9.100516140460968018e-02
2.016492933034896851e-01
2.662957906723022461e-01
-1.129458323121070862e-01
1.156200021505355835e-01
5.007397010922431946e-02
3.434098362922668457e-01
3.382463753223419189e-01
5.197546482086181641e-01
1.450177878141403198e-01
1.829382926225662231e-01
3.191212713718414307e-01
-6.963720172643661499e-02
4.710173010826110840e-01
1.809295564889907837e-01
2.926070392131805420e-01
1.457937210798263550e-01
-9.490925818681716919e-02
-5.901411920785903931e-02
2.378991991281509399e-01
9.468623995780944824e-02
-2.405219525098800659e-02
-1.578730903565883636e-02
2.869083583354949951e-01
7.053536176681518555e-02
8.429116010665893555e-02
3.807911276817321777e-01
2.426849901676177979e-01
2.363599985837936401e-01
4.296046793460845947e-01
1.850261688232421875e-01
4.400055855512619019e-02
7.685995846986770630e-02
4.789334833621978760e-01
-2.331336028873920441e-02
2.336695194244384766e-01
2.425234019756317139e-01
2.785033881664276123e-01
3.215192556381225586e-01
1.409005075693130493e-01
2.025035321712493896e-01
1.436634808778762817e-01
2.602869272232055664e-01
2.693118155002593994e-01
5.421020835638046265e-02
-6.408005952835083008e-02
1.889672279357910156e-01
7.766439765691757202e-02
-3.083438239991664886e-02
3.287804722785949707e-01
1.524730026721954346e-01
3.266515433788299561e-01
1.669953167438507080e-01
4.039696455001831055e-01
1.670663505792617798e-01
3.474953174591064453e-01
2.713305056095123291e-01
-1.477961987257003784e-01
2.044043876230716705e-02
1.153012067079544067e-01
2.029820382595062256e-01
3.249862492084503174e-01
-1.086709871888160706e-01
1.681268662214279175e-01
-1.937044411897659302e-02
-6.265509873628616333e-02
1.785395592451095581e-01
2.901099920272827148e-01
1.801225095987319946e-01
2.890016138553619385e-01
-7.951153814792633057e-02
1.063621789216995239e-01
1.005589589476585388e-01
1.572404801845550537e-01
2.398149482905864716e-02
-7.499971985816955566e-02
-2.340422756969928741e-02
1.945223659276962280e-01
1.286127865314483643e-01
1.998198628425598145e-01
2.676024436950683594e-01
2.728044092655181885e-01
5.446563288569450378e-02
6.748599559068679810e-02
5.072258412837982178e-02
1.200155839323997498e-01
-1.227137595415115356e-01
1.029580831527709961e-01
2.012693136930465698e-01
2.930150628089904785e-01
3.986532688140869141e-01
-1.164653338491916656e-02
1.978618055582046509e-01
-8.406800031661987305e-02
1.334671229124069214e-01
4.554905891418457031e-01
2.304892092943191528e-01
2.421967089176177979e-01
2.257514297962188721e-01
1.120306998491287231e-01
2.755686342716217041e-01
-4.672144353389739990e-02
7.088254392147064209e-02
2.264202982187271118e-01
1.985470056533813477e-01
8.661799877882003784e-02
2.154537588357925415e-01
1.981212198734283447e-01
2.078899145126342773e-01
2.061689645051956177e-01
1.993556916713714600e-01
-1.101863831281661987e-01
1.805096119642257690e-01
2.395759522914886475e-01
2.211282551288604736e-01
3.592444956302642822e-02
2.168009281158447266e-01
-3.774517774581909180e-02
-1.820424944162368774e-01
3.642853349447250366e-02
2.742289602756500244e-01
7.277337461709976196e-02
2.939241528511047363e-01
2.104870975017547607e-01
1.863097250461578369e-01
3.142863810062408447e-01
1.424210220575332642e-01
7.395077496767044067e-03
3.060140274465084076e-02
1.013287156820297241e-01
1.842405200004577637e-01
3.753899633884429932e-01
7.251017540693283081e-02
8.915174007415771484e-02
7.965067774057388306e-02
4.472318887710571289e-01
2.808819711208343506e-01
2.844950258731842041e-01
3.185183703899383545e-01
1.774108409881591797e-01
1.954957991838455200e-01
-4.791720584034919739e-02
2.456568479537963867e-01
2.101493030786514282e-01
4.083552360534667969e-01
3.840082511305809021e-02
9.460809081792831421e-02
1.853928118944168091e-01
2.931518852710723877e-01
7.068865001201629639e-02
3.492366671562194824e-01
-1.198851466178894043e-01
3.113106489181518555e-01
1.236427575349807739e-01
2.677516639232635498e-01
2.716892957687377930e-01
1.366933882236480713e-01
-9.269265085458755493e-02
2.744902670383453369e-01
1.498502194881439209e-01
5.874848738312721252e-02
1.125376448035240173e-01
2.809767723083496094e-01
3.711707517504692078e-02
-2.280492931604385376e-01
1.694078445434570312e-01
1.819549798965454102e-01
2.248462885618209839e-01
1.900718212127685547e-01
2.212786078453063965e-01
3.942717313766479492e-01
1.767794974148273468e-02
3.406938314437866211e-01
1.084174811840057373e-01
2.248051166534423828e-01
5.304211750626564026e-02
-1.975246965885162354e-01
3.146719932556152344e-01
1.726708710193634033e-01
1.775115430355072021e-01
2.164725065231323242e-01
2.717892527580261230e-01
2.148117870092391968e-01
1.679586363025009632e-03
3.193920478224754333e-02
3.670009970664978027e-01
2.918507456779479980e-01
3.957051038742065430e-02
-9.489648789167404175e-02
8.697660267353057861e-02
-1.301101967692375183e-02
-8.159589767456054688e-02
1.069272831082344055e-01
3.085904121398925781e-01
2.626728117465972900e-01
3.624305129051208496e-01
2.650974988937377930e-01
2.448514848947525024e-01
-4.772350192070007324e-02
4.274531304836273193e-01
1.469585746526718140e-01
2.702402770519256592e-01
-1.043912321329116821e-01
1.103073824197053909e-02
2.322628647089004517e-01
8.429961651563644409e-02
9.256966412067413330e-02
2.596570253372192383e-01
2.847974300384521484e-01
2.854084670543670654e-01
