-2.996401162818074226e-03
-2.999357180669903755e-03
-2.344002574682235718e-01
-3.001296659931540489e-03
-3.001701785251498222e-03
2.321488112211227417e-01
2.086459696292877197e-01
-3.000965574756264687e-03
-9.024970978498458862e-02
-8.856245875358581543e-02
-1.036010086536407471e-01
-6.779540330171585083e-02
-6.261261552572250366e-02
-3.000319004058837891e-03
1.712955385446548462e-01
-3.536015376448631287e-02
-4.331253096461296082e-02
-3.674692288041114807e-02
-1.813626848161220551e-02
-1.929931459017097950e-04
-3.001941135153174400e-03
-3.126104548573493958e-02
-1.412359178066253662e-01
-3.002412384375929832e-03
-7.472447305917739868e-02
2.138572372496128082e-02
-9.368865750730037689e-03
2.343366593122482300e-01
-1.276232600212097168e-01
-2.391293086111545563e-02
-6.430772691965103149e-02
-2.992941299453377724e-03
-3.002166748046875000e-03
-3.000161610543727875e-03
6.609386764466762543e-03
1.945918202400207520e-01
-3.001265460625290871e-03
-2.924058120697736740e-03
-3.002221696078777313e-03
-3.757334873080253601e-02
-2.997757866978645325e-03
2.101181000471115112e-01
-1.677644788287580013e-03
-3.496916964650154114e-02
-1.112043410539627075e-01
-3.001857781782746315e-03
2.223831862211227417e-01
-3.000494558364152908e-03
-4.289888218045234680e-02
-5.414096638560295105e-02
7.200264837592840195e-03
-3.002373268827795982e-03
-3.002529265359044075e-03
1.734419614076614380e-01
-3.000772325322031975e-03
-3.002274548634886742e-03
-4.293888807296752930e-02
-3.001798642799258232e-03
-3.000843804329633713e-03
2.355958372354507446e-01
-2.799819782376289368e-02
2.910442054271697998e-01
2.003155052661895752e-01
-3.001585369929671288e-03
-1.629020571708679199e-01
2.410619705915451050e-01
-3.002488287165760994e-03
-3.002205630764365196e-03
-3.773425891995429993e-02
-3.001117613166570663e-03
-3.001105505973100662e-03
-3.001282690092921257e-03
-3.002381650730967522e-03
-3.002488985657691956e-03
-7.814476848579943180e-04
-7.478822767734527588e-02
-3.002263139933347702e-03
-4.320446029305458069e-02
-3.001876641064882278e-03
-3.001698292791843414e-03
-5.921998620033264160e-02
2.505387924611568451e-02
-3.001420293003320694e-03
1.755641996860504150e-01
-9.435416013002395630e-02
-1.295539271086454391e-02
1.663342416286468506e-01
-3.000532742589712143e-03
-3.002519952133297920e-03
2.404498159885406494e-01
-3.002645680680871010e-03
-3.002473386004567146e-03
-2.998495707288384438e-03
-2.992332214489579201e-03
2.130584418773651123e-01
-3.002472920343279839e-03
-2.916538715362548828e-02
-3.002189099788665771e-03
-6.134134158492088318e-02
-5.104655772447586060e-02
-1.989874616265296936e-02
-6.901638954877853394e-02
-3.002553479745984077e-03
-3.002519952133297920e-03
-4.663220141083002090e-03
-3.002108540385961533e-03
-3.002235200256109238e-03
1.690567433834075928e-01
-2.763895317912101746e-02
-3.001444507390260696e-03
-3.001999575644731522e-03
-3.002470592036843300e-03
-3.002317389473319054e-03
-2.999263582751154900e-03
-3.001888282597064972e-03
-3.002294339239597321e-03
6.030123308300971985e-02
-3.001643810421228409e-03
2.854412198066711426e-01
-2.583069168031215668e-02
-3.002187469974160194e-03
1.845486760139465332e-01
-2.980988472700119019e-03
-2.995448419824242592e-03
-2.445069141685962677e-02
-5.718676745891571045e-02
-3.002408426254987717e-03
-5.957982689142227173e-02
-6.258068978786468506e-02
-5.086372420191764832e-02
-4.611280560493469238e-02
-6.157517898827791214e-03
-3.002273151651024818e-03
6.272516399621963501e-02
-2.998342504724860191e-03
-3.002307843416929245e-03
1.263186335563659668e-01
-2.067578770220279694e-02
2.008940279483795166e-01
-3.002174897119402885e-03
-4.721951857209205627e-02
-3.000949742272496223e-03
1.714785397052764893e-01
-3.002568148076534271e-03
-3.002016805112361908e-03
-3.001920413225889206e-03
2.261054366827011108e-01
-2.697502449154853821e-02
-9.254653006792068481e-02
-3.002315293997526169e-03
-4.329168796539306641e-02
-2.806320600211620331e-02
2.127124555408954620e-02
2.894671857357025146e-01
-3.001756267622113228e-03
-3.002006327733397484e-03
-2.315629273653030396e-02
-3.001461504027247429e-03
-3.071190416812896729e-02
-3.002564655616879463e-03
-2.164643853902816772e-01
-3.002503188326954842e-03
-2.900307998061180115e-02
-9.109275043010711670e-02
-3.581932559609413147e-02
-3.000821685418486595e-03
-3.002256853505969048e-03
-7.977976463735103607e-03
-1.707222312688827515e-01
1.847475618124008179e-01
-3.798462823033332825e-02
-5.656662583351135254e-02
-2.998783718794584274e-03
-4.262706264853477478e-02
-3.002011682838201523e-03
-3.001125529408454895e-03
-3.002082929015159607e-03
-3.002235200256109238e-03
-2.997293602675199509e-03
-4.243898764252662659e-02
-2.996492665261030197e-03
2.155445814132690430e-01
-2.997118514031171799e-03
-3.001942764967679977e-03
-3.000977216288447380e-03
-3.001503413543105125e-03
8.183680474758148193e-02
-3.002366051077842712e-03
5.558329075574874878e-02
-2.997848205268383026e-03
-3.002315293997526169e-03
-5.604765191674232483e-02
-1.782654374837875366e-01
-8.315421640872955322e-02
-4.536643251776695251e-02
-3.386451676487922668e-02
-3.001680830493569374e-03
6.308386474847793579e-02
-2.996840979903936386e-03
-2.371566593647003174e-01
-3.002406330779194832e-03
-1.914204098284244537e-02
2.285923659801483154e-01
-3.002451965585350990e-03
-3.002163721248507500e-03
-2.382768690586090088e-01
-1.251721568405628204e-02
2.234531491994857788e-01
1.963320821523666382e-01
-3.001922275871038437e-03
-7.966731488704681396e-02
4.107603058218955994e-02
-3.001233562827110291e-03
-3.002429148182272911e-03
-3.000769065693020821e-03
-2.890468761324882507e-02
-3.000740427523851395e-03
-1.013175770640373230e-02
4.829362500458955765e-03
1.036752574145793915e-02
-2.995929215103387833e-03
-3.002244047820568085e-03
-3.001871518790721893e-03
-1.762051582336425781e-01
-4.486614372581243515e-03
-5.057947337627410889e-02
2.128791809082031250e-01
-3.002416575327515602e-03
-6.825886666774749756e-02
-2.988911699503660202e-03
-8.671870082616806030e-02
-6.619897671043872833e-03
-3.002402605488896370e-03
-3.002571873366832733e-03
-4.001105204224586487e-02
-3.001482458785176277e-03
-6.207321584224700928e-02
-3.002024954184889793e-03
-3.002355108037590981e-03
-3.002220997586846352e-03
-3.001844044774770737e-03
-1.953697800636291504e-01
5.136826634407043457e-02
-3.002230543643236160e-03
-3.000479890033602715e-03
-3.002507612109184265e-03
-3.000353928655385971e-03
-9.300323575735092163e-02
-1.825374960899353027e-01
1.888531744480133057e-01
-2.991814399138092995e-03
-3.861253708600997925e-02
2.021910101175308228e-01
2.842938303947448730e-01
-5.624325945973396301e-03
-1.935032010078430176e-01
