3.050419986248016357e-01
1.581847965717315674e-01
-3.113016784191131592e-01
-3.104591369628906250e-01
2.850111126899719238e-01
3.094536960124969482e-01
3.410463631153106689e-01
-3.186710774898529053e-01
2.483642548322677612e-01
-3.023792505264282227e-01
-4.549545422196388245e-02
3.092591464519500732e-01
2.962433099746704102e-01
2.481976747512817383e-01
4.052152857184410095e-02
1.907784491777420044e-01
3.172981142997741699e-01
-1.868511587381362915e-01
2.121495753526687622e-01
3.697322607040405273e-01
3.313448727130889893e-01
-9.868944436311721802e-02
3.247078359127044678e-01
2.727811634540557861e-01
2.971973419189453125e-01
-2.643022537231445312e-01
-3.036481738090515137e-01
2.810035943984985352e-01
-3.309400379657745361e-01
-2.606064081192016602e-01
-2.710362672805786133e-01
3.198001980781555176e-01
2.598640024662017822e-01
2.631150186061859131e-01
7.687284797430038452e-02
3.564290404319763184e-01
-2.297282814979553223e-01
2.654267847537994385e-01
2.505345642566680908e-01
-2.578655481338500977e-01
-1.900159418582916260e-01
-2.949595451354980469e-01
-2.236508876085281372e-01
-2.613203823566436768e-01
-2.177932411432266235e-01
-1.024792641401290894e-01
2.269592434167861938e-01
3.200807869434356689e-01
2.545663416385650635e-01
2.839753925800323486e-01
-1.480365246534347534e-01
3.255972266197204590e-01
-9.941624850034713745e-02
-1.889304518699645996e-01
3.124369382858276367e-01
3.229920268058776855e-01
3.197643756866455078e-01
2.574163675308227539e-01
2.353685945272445679e-01
2.976328432559967041e-01
2.315520346164703369e-01
-1.091873422265052795e-01
2.370512485504150391e-01
3.321337047964334488e-03
2.916738390922546387e-01
2.747096419334411621e-01
3.122948706150054932e-01
2.499375343322753906e-01
2.093973606824874878e-01
2.837203145027160645e-01
3.034938275814056396e-01
2.775139808654785156e-01
-2.897002398967742920e-01
-1.186139583587646484e-01
2.579377889633178711e-01
3.756716251373291016e-01
-1.329029649496078491e-01
1.950498372316360474e-01
2.923668324947357178e-01
2.290572524070739746e-01
-1.667494773864746094e-01
3.559001684188842773e-01
3.641055822372436523e-01
2.165815085172653198e-01
2.912520766258239746e-01
-2.305487096309661865e-01
3.359637558460235596e-01
-7.328467071056365967e-02
-1.946973651647567749e-01
3.466948866844177246e-01
-1.243121325969696045e-01
4.701465833932161331e-03
3.471046984195709229e-01
2.190276980400085449e-01
3.592070341110229492e-01
1.919541209936141968e-01
1.728441715240478516e-01
2.500873506069183350e-01
-2.636448144912719727e-01
2.432534694671630859e-01
1.291661560535430908e-01
3.448390662670135498e-01
-2.598756551742553711e-01
3.000217080116271973e-01
3.288252353668212891e-01
2.499092370271682739e-01
3.639427721500396729e-01
2.450064420700073242e-01
-2.772764861583709717e-01
2.873742580413818359e-01
-2.442184090614318848e-01
3.211696445941925049e-01
2.569503188133239746e-01
-1.653254926204681396e-01
2.346420437097549438e-01
2.380380183458328247e-01
3.627998828887939453e-01
-3.350449502468109131e-01
3.348482251167297363e-01
2.613621652126312256e-01
1.992511302232742310e-01
2.380057275295257568e-01
2.611963450908660889e-01
-3.137561976909637451e-01
-1.500568240880966187e-01
2.066433131694793701e-01
-2.420130968093872070e-01
-3.201488405466079712e-02
-3.119547069072723389e-01
2.489840984344482422e-01
-2.851749956607818604e-01
1.895515322685241699e-01
3.058220148086547852e-01
2.621277272701263428e-01
-1.670514792203903198e-01
2.696807980537414551e-01
2.472303211688995361e-01
-3.059235215187072754e-01
2.796155810356140137e-01
3.475793600082397461e-01
2.712035179138183594e-01
-9.443044662475585938e-02
1.835929602384567261e-01
3.479856252670288086e-01
2.939999997615814209e-01
1.205512136220932007e-01
-1.337127536535263062e-01
-3.044879995286464691e-02
3.557135462760925293e-01
3.479741513729095459e-01
2.409935146570205688e-01
-3.189595639705657959e-01
3.346778452396392822e-01
2.690710723400115967e-01
-2.897076010704040527e-01
-1.833022385835647583e-01
-1.782608926296234131e-01
2.724435627460479736e-01
1.895323246717453003e-01
2.703710794448852539e-01
-3.025274276733398438e-01
2.842553257942199707e-01
2.947260141372680664e-01
3.461882174015045166e-01
-2.738969922065734863e-01
3.019440174102783203e-01
1.989031285047531128e-01
-3.235310614109039307e-01
2.619881629943847656e-01
-3.169400990009307861e-01
-1.411263048648834229e-01
1.926084160804748535e-01
3.092239201068878174e-01
-9.571111202239990234e-02
-2.474101632833480835e-01
3.295457065105438232e-01
3.062158823013305664e-01
2.924662232398986816e-01
-3.805383294820785522e-02
1.775469332933425903e-01
2.987694442272186279e-01
2.818284630775451660e-01
-2.233913242816925049e-01
-3.285440504550933838e-01
-3.650143742561340332e-01
-1.414611935615539551e-01
3.394313156604766846e-01
-1.684486865997314453e-01
-3.899737820029258728e-02
2.347487658262252808e-01
2.027989029884338379e-01
2.911956906318664551e-01
-2.492582052946090698e-01
3.000485897064208984e-01
2.366223782300949097e-01
-3.443056643009185791e-01
2.501967549324035645e-01
3.370224535465240479e-01
3.196461498737335205e-01
2.963473796844482422e-01
3.642277419567108154e-01
2.411559224128723145e-01
3.124601542949676514e-01
1.099432110786437988e-01
-1.588531136512756348e-01
2.759308815002441406e-01
2.847171127796173096e-01
1.010443866252899170e-01
2.008886039257049561e-01
-3.866725564002990723e-01
-1.985358744859695435e-01
3.514097630977630615e-01
2.461368739604949951e-01
3.433539569377899170e-01
2.508641183376312256e-01
-1.861032545566558838e-01
1.178935617208480835e-01
-2.075890600681304932e-01
2.334097325801849365e-01
2.761491239070892334e-01
2.489274144172668457e-01
-1.298802345991134644e-01
-3.448990285396575928e-01
-3.265081048011779785e-01
3.340725600719451904e-01
2.349935621023178101e-01
2.070935517549514771e-01
2.352463603019714355e-01
2.985326647758483887e-01
3.092111647129058838e-01
-2.403420060873031616e-01
-3.087479472160339355e-01
3.318455815315246582e-01
2.596687376499176025e-01
-2.737302780151367188e-01
2.295694351196289062e-01
2.211400121450424194e-01
1.455202102661132812e-01
-1.376008391380310059e-01
3.513833880424499512e-01
2.600841522216796875e-01
2.934862077236175537e-01
2.533752024173736572e-01
-2.493194937705993652e-01
2.537610828876495361e-01
-2.535585463047027588e-01
3.070963323116302490e-01
-1.738276630640029907e-01
1.126595810055732727e-01
3.436798751354217529e-01
2.913059592247009277e-01
1.867052167654037476e-01
-3.450656831264495850e-01
2.453115284442901611e-01
-2.656912803649902344e-01
2.532827258110046387e-01
