3.243637457489967346e-02
-3.417554497718811035e-02
5.853983573615550995e-03
1.344780321232974529e-03
-5.522143095731735229e-02
4.112877417355775833e-03
2.981620095670223236e-02
-4.267236217856407166e-02
-5.333958938717842102e-02
2.840775065124034882e-02
4.188914969563484192e-02
-3.134521096944808960e-02
-5.892186239361763000e-02
-6.200346723198890686e-02
-3.357371315360069275e-02
2.833802253007888794e-02
2.128247870132327080e-03
3.869984298944473267e-03
3.017729707062244415e-02
3.462995216250419617e-02
5.884259939193725586e-02
6.919370591640472412e-02
-6.499024573713541031e-03
-3.802909329533576965e-02
-8.303550630807876587e-02
1.894916780292987823e-02
-1.369038969278335571e-02
2.320075407624244690e-02
-1.572456024587154388e-02
-2.511972934007644653e-02
-8.551779203116893768e-03
-3.554379567503929138e-02
-1.228570193052291870e-02
6.026056036353111267e-02
1.202958635985851288e-02
1.161294523626565933e-02
-2.230062149465084076e-02
4.757266491651535034e-02
-3.663780540227890015e-02
-2.741489186882972717e-02
-1.438060123473405838e-02
2.724641375243663788e-02
-6.498023867607116699e-02
-6.230041012167930603e-02
1.335457339882850647e-02
-4.796984046697616577e-02
1.184880919754505157e-02
6.221436336636543274e-02
-2.951510809361934662e-02
-7.789391279220581055e-02
1.952935010194778442e-02
-3.457315266132354736e-02
5.860918760299682617e-02
-2.070150338113307953e-02
-4.358237981796264648e-02
-3.352808579802513123e-02
-2.596923150122165680e-02
2.645685523748397827e-02
-5.697480216622352600e-02
-1.113421563059091568e-02
-4.985903576016426086e-02
-5.409089382737874985e-03
-6.195881590247154236e-02
3.536092862486839294e-02
3.481128811836242676e-02
4.597149044275283813e-02
-5.283148214221000671e-02
5.679488182067871094e-02
2.250845427624881268e-04
4.801919218152761459e-03
-3.477398306131362915e-02
-6.291667371988296509e-02
8.540832204744219780e-04
6.763629149645566940e-03
-2.067529223859310150e-02
6.885256618261337280e-03
9.148297976935282350e-05
-5.495513230562210083e-02
-5.785544402897357941e-03
1.862154528498649597e-02
-1.741401664912700653e-02
5.448281881399452686e-04
3.746099025011062622e-02
1.175178028643131256e-02
-7.538460195064544678e-03
-9.492509998381137848e-03
-5.840762704610824585e-02
-5.599308013916015625e-02
1.881741918623447418e-02
3.313825931400060654e-03
-4.542911052703857422e-02
-9.512705355882644653e-02
5.268004909157752991e-02
-2.805829234421253204e-02
2.578160166740417480e-02
3.546020761132240295e-02
-6.177457794547080994e-02
-1.286170724779367447e-02
-2.198278345167636871e-02
-3.179468214511871338e-02
-5.239866301417350769e-02
3.392212092876434326e-02
-3.013655729591846466e-02
-1.300915516912937164e-02
-4.209649562835693359e-02
-1.070781704038381577e-02
-2.958721481263637543e-02
-1.483955606818199158e-02
1.680448651313781738e-02
7.312317937612533569e-02
4.511377774178981781e-03
6.275435537099838257e-02
-2.060397714376449585e-02
2.421008050441741943e-02
5.988204851746559143e-03
2.686124667525291443e-02
-1.246956828981637955e-02
2.002979815006256104e-02
8.968815207481384277e-02
-2.531955949962139130e-02
9.266454726457595825e-03
2.414223738014698029e-03
-2.344951406121253967e-02
1.032588854432106018e-01
-3.929790854454040527e-02
4.739844426512718201e-02
2.433084882795810699e-02
-3.620149567723274231e-02
-1.484848186373710632e-02
-5.014873296022415161e-02
-1.326722186058759689e-02
2.875613234937191010e-02
-5.177232250571250916e-02
1.011721976101398468e-02
1.194223016500473022e-02
-2.496825344860553741e-02
-4.550496488809585571e-02
-1.110061304643750191e-03
-2.893404662609100342e-02
-3.514704108238220215e-02
-6.419342476874589920e-03
-6.111174821853637695e-02
6.582698225975036621e-02
1.709296554327011108e-02
6.979211419820785522e-02
-8.986958861351013184e-02
-5.049548670649528503e-02
-5.638581886887550354e-02
1.849195547401905060e-02
-2.680309675633907318e-02
-7.049474865198135376e-02
2.999219484627246857e-02
2.699580788612365723e-02
-2.160568162798881531e-02
2.242960967123508453e-02
-4.006098955869674683e-02
-1.256268098950386047e-02
8.405442349612712860e-03
-2.617787383496761322e-02
-3.980747610330581665e-02
2.732614055275917053e-02
-4.774773120880126953e-02
6.808523833751678467e-02
-7.097712904214859009e-02
-1.710814982652664185e-02
2.463681437075138092e-02
2.846463769674301147e-02
-9.839826822280883789e-02
2.500852197408676147e-02
5.241860635578632355e-03
1.540196686983108521e-02
3.956926055252552032e-03
-4.760860279202461243e-02
-2.366540208458900452e-02
4.582751169800758362e-02
2.951886691153049469e-02
4.663777351379394531e-02
1.110866516828536987e-01
-3.325401246547698975e-02
-1.265429332852363586e-02
-4.002220556139945984e-02
-5.084666237235069275e-02
-1.894476078450679779e-02
2.860825508832931519e-02
-8.283471688628196716e-03
-4.642087966203689575e-02
-1.304605789482593536e-02
3.212432190775871277e-02
-9.540695697069168091e-03
-2.895951084792613983e-02
-3.487092629075050354e-02
-2.530938014388084412e-02
3.526457771658897400e-02
-3.313209488987922668e-02
-1.140027027577161789e-02
-1.645619422197341919e-02
-5.371012911200523376e-02
4.578754678368568420e-02
2.737904712557792664e-02
-3.614281862974166870e-02
-3.089549764990806580e-02
-4.581638798117637634e-02
-4.500897601246833801e-02
6.372062116861343384e-02
-4.517580941319465637e-02
3.751647099852561951e-02
-3.838096186518669128e-02
-5.305135622620582581e-02
3.637667000293731689e-02
-7.017557322978973389e-02
8.461441844701766968e-02
-6.394050270318984985e-02
-8.609344810247421265e-02
3.428708389401435852e-02
-4.506933619268238544e-04
7.905683596618473530e-04
3.229708818253129721e-04
5.743518937379121780e-03
5.556008964776992798e-02
3.047492727637290955e-02
-3.067484870553016663e-02
-2.330879122018814087e-02
-5.532381311058998108e-02
6.849072873592376709e-03
1.063254997134208679e-01
2.596401236951351166e-02
-2.117031998932361603e-02
-3.750079125165939331e-02
-7.218334823846817017e-02
-4.602915048599243164e-02
3.850696235895156860e-02
-1.372478436678647995e-02
-3.276668721809983253e-03
1.139789968729019165e-01
-7.140481611713767052e-04
1.223829225637018681e-03
5.665156990289688110e-02
-2.615213952958583832e-02
-9.766834555193781853e-04
-3.014127165079116821e-02
3.679797798395156860e-02
-5.437842011451721191e-02
-1.442255172878503799e-02
-5.045834928750991821e-02
-1.386383362114429474e-02
4.822400584816932678e-02
-4.313466697931289673e-02
-7.605420053005218506e-02
-9.093842236325144768e-04
-3.662287816405296326e-02
2.168893441557884216e-02
8.436631411314010620e-03
2.184651792049407959e-02
-2.437734976410865784e-02
1.538823731243610382e-02
1.338811311870813370e-02
