-6.739931106567382812e-01
-2.295491993427276611e-01
7.498871684074401855e-01
5.061038136482238770e-01
3.513686656951904297e-01
-3.328737318515777588e-01
-6.729138493537902832e-01
-6.417068243026733398e-01
-5.460084676742553711e-01
1.791345328092575073e-01
3.518308401107788086e-01
7.933213114738464355e-01
-2.784310579299926758e-01
-1.679459661245346069e-01
6.777376532554626465e-01
-2.396351397037506104e-01
-7.430474162101745605e-01
-5.298526212573051453e-02
-4.958581030368804932e-01
-5.152426362037658691e-01
8.831171989440917969e-01
-4.848440289497375488e-01
-1.167616397142410278e-01
-1.388258785009384155e-01
-2.329164184629917145e-03
1.926407516002655029e-01
4.590401053428649902e-02
-6.682813167572021484e-01
-3.815409541130065918e-01
3.780301511287689209e-01
-1.463312953710556030e-01
-8.769182860851287842e-02
2.916082739830017090e-01
1.344505995512008667e-01
8.132103085517883301e-01
1.704797893762588501e-01
-1.561684459447860718e-01
2.534201145172119141e-01
-4.620248675346374512e-01
-3.370487689971923828e-01
1.514326333999633789e-01
2.363852560520172119e-01
-1.505787074565887451e-01
6.350800395011901855e-01
7.899624854326248169e-02
5.857155919075012207e-01
-5.137015581130981445e-01
7.040690183639526367e-01
6.563658714294433594e-01
3.924441635608673096e-01
-5.728065371513366699e-01
5.193508788943290710e-02
-7.642279267311096191e-01
-8.884786069393157959e-02
-3.435533344745635986e-01
7.138099670410156250e-01
-6.362082362174987793e-01
4.225518405437469482e-01
5.779144763946533203e-01
-3.531953096389770508e-01
-6.470959782600402832e-01
8.672420978546142578e-01
5.840648412704467773e-01
1.336231976747512817e-01
-1.248176693916320801e-01
-1.693030744791030884e-01
4.403701722621917725e-01
-1.087640970945358276e-02
-5.438352823257446289e-01
-3.006856888532638550e-02
2.921827509999275208e-02
8.422533422708511353e-02
-4.963743686676025391e-01
1.198668107390403748e-01
7.451030015945434570e-01
-2.556204199790954590e-01
-5.563112497329711914e-01
4.190918207168579102e-01
7.337639927864074707e-01
5.824332833290100098e-01
-8.793167471885681152e-01
5.380268096923828125e-01
6.663148999214172363e-01
-1.817203909158706665e-01
-1.954008787870407104e-01
3.253108263015747070e-01
5.324348211288452148e-01
6.085084080696105957e-01
3.664918839931488037e-01
5.935105681419372559e-01
2.065469920635223389e-01
5.286840200424194336e-01
-6.347037553787231445e-01
-6.815340518951416016e-01
-1.838882565498352051e-01
2.715861201286315918e-01
9.082988649606704712e-02
-2.455472014844417572e-02
3.266797065734863281e-01
-5.152867436408996582e-01
-2.162259966135025024e-01
5.903871655464172363e-01
-8.303596638143062592e-03
-6.845306158065795898e-01
-2.560133673250675201e-02
-5.401274561882019043e-01
-5.660311132669448853e-02
-6.111359968781471252e-02
6.313188672065734863e-01
-5.553237199783325195e-01
5.438640341162681580e-02
-6.884510517120361328e-01
-3.694463670253753662e-01
-5.508218407630920410e-01
6.501813530921936035e-01
-5.079428553581237793e-01
6.661710143089294434e-01
2.545568346977233887e-02
3.467937111854553223e-01
8.060407638549804688e-01
2.243686169385910034e-01
-5.768802762031555176e-01
5.807952880859375000e-01
-2.132288962602615356e-01
3.808842599391937256e-01
-3.048979640007019043e-01
-5.480084419250488281e-01
-4.296531081199645996e-01
-3.235946297645568848e-01
-3.692594766616821289e-01
-5.950665473937988281e-01
-2.837668955326080322e-01
-2.335972338914871216e-01
-2.100750803947448730e-02
8.995073288679122925e-02
6.410797238349914551e-01
2.510768473148345947e-01
-5.934159159660339355e-01
-7.242290675640106201e-02
5.256790518760681152e-01
-2.767290174961090088e-01
-2.110630124807357788e-01
1.715632528066635132e-02
1.560204178094863892e-01
-5.546647310256958008e-01
-2.253420352935791016e-01
-4.647227823734283447e-01
-2.294665202498435974e-02
5.196325778961181641e-01
5.517862439155578613e-01
6.898574829101562500e-01
-8.450896143913269043e-01
-2.230797708034515381e-01
-5.506479740142822266e-01
-1.284427642822265625e-01
5.673950910568237305e-02
-2.769169956445693970e-02
-3.016124665737152100e-01
-4.365244209766387939e-01
4.048044681549072266e-01
-5.459358096122741699e-01
4.819149076938629150e-01
8.292762041091918945e-01
-2.068945020437240601e-02
3.281474709510803223e-01
6.408535838127136230e-01
3.547335863113403320e-01
-1.182034537196159363e-01
6.544351577758789062e-01
-6.392168402671813965e-01
-3.799148201942443848e-01
-4.561566412448883057e-01
-4.691554903984069824e-01
-2.933333218097686768e-01
-3.952941000461578369e-01
-6.283642649650573730e-01
5.020967721939086914e-01
5.629548430442810059e-01
-1.260028034448623657e-01
3.068810701370239258e-02
-6.138264536857604980e-01
-4.925368428230285645e-01
-5.291905403137207031e-01
-1.166637912392616272e-01
-1.411237865686416626e-01
-6.103991866111755371e-01
-3.637526035308837891e-01
6.633462905883789062e-01
-3.099617660045623779e-01
-1.705472469329833984e-01
-4.441536497324705124e-03
-3.108946084976196289e-01
-4.384883344173431396e-01
-1.454634815454483032e-01
4.186861217021942139e-02
-4.577100649476051331e-02
-8.914806880056858063e-03
1.970357447862625122e-01
-5.073216557502746582e-01
-4.829714894294738770e-01
4.380971789360046387e-01
6.079025268554687500e-01
6.523499488830566406e-01
5.959461927413940430e-01
-3.240326344966888428e-01
-1.812150329351425171e-01
7.725366950035095215e-01
-4.523421823978424072e-01
-9.463012218475341797e-02
-2.996683418750762939e-01
1.925164088606834412e-02
-4.564305767416954041e-02
6.588602662086486816e-01
5.801591873168945312e-01
-3.280536234378814697e-01
-9.528118371963500977e-02
-4.619389399886131287e-02
6.130093336105346680e-01
6.192930340766906738e-01
2.757785022258758545e-01
1.481313854455947876e-01
4.095911979675292969e-01
-6.224035024642944336e-01
-2.283428460359573364e-01
4.355417191982269287e-01
-7.505227923393249512e-01
4.321271479129791260e-01
-4.747441709041595459e-01
-7.398389577865600586e-01
-9.204065799713134766e-02
6.675404906272888184e-01
-4.761747717857360840e-01
1.480738222599029541e-01
5.359514951705932617e-01
-3.287089467048645020e-01
-2.771436236798763275e-02
9.423286467790603638e-02
-4.135678410530090332e-01
6.034631729125976562e-01
1.633002460002899170e-01
-5.364493727684020996e-01
-6.126497387886047363e-01
-7.655446231365203857e-02
-3.947655484080314636e-02
7.225277423858642578e-01
5.952689647674560547e-01
-5.474993586540222168e-01
-1.007163524627685547e-01
-6.227692365646362305e-01
-1.973621249198913574e-01
4.987783432006835938e-01
-6.884199380874633789e-01
-1.792170852422714233e-01
-5.722484588623046875e-01
4.773367047309875488e-01
-1.704756915569305420e-01
