-4.211384337395429611e-03
-1.041283737868070602e-02
8.982850238680839539e-03
2.865677885711193085e-02
5.645712371915578842e-03
1.563537120819091797e-02
1.765178982168436050e-03
2.443187125027179718e-02
8.158592507243156433e-03
1.651428826153278351e-02
1.514444872736930847e-02
2.196983434259891510e-02
-2.324555069208145142e-02
1.072119921445846558e-03
-1.969329454004764557e-02
5.440125707536935806e-03
1.502634142525494099e-03
-2.776046842336654663e-02
-3.101794235408306122e-02
3.109815530478954315e-03
7.910545915365219116e-03
-5.944391712546348572e-03
-1.564143970608711243e-02
8.502065320499241352e-04
1.833633519709110260e-02
1.171301770955324173e-02
-1.593610458076000214e-02
1.704397727735340595e-03
1.153374742716550827e-02
1.713862828910350800e-02
2.450501359999179840e-02
1.755984872579574585e-02
5.793787166476249695e-02
7.557133678346872330e-03
9.621970355510711670e-03
1.914412528276443481e-02
1.398862153291702271e-02
-1.531462278217077255e-02
1.683822274208068848e-02
-1.609942642971873283e-03
5.634434986859560013e-03
7.435946725308895111e-03
3.844982758164405823e-02
2.017052657902240753e-02
9.254058822989463806e-03
3.661278262734413147e-02
5.723446141928434372e-03
2.069891802966594696e-02
1.001684067887254059e-04
-5.241796839982271194e-03
1.450363267213106155e-02
-3.034239052794873714e-04
-1.144422218203544617e-02
-1.033228635787963867e-02
-4.788772203028202057e-03
1.892019808292388916e-02
1.541855651885271072e-02
3.077363595366477966e-02
-3.225866239517927170e-04
6.182746961712837219e-03
2.221640199422836304e-02
-4.871736466884613037e-02
-4.034743687952868640e-05
-1.992281526327133179e-02
1.626026583835482597e-03
7.778811734169721603e-03
7.541674189269542694e-03
-5.350128281861543655e-03
-1.200972683727741241e-02
-1.868774369359016418e-02
9.908316656947135925e-03
-2.351824380457401276e-02
4.099417850375175476e-02
4.909087903797626495e-03
1.315656583756208420e-02
-2.033897116780281067e-02
9.205305017530918121e-03
1.929768733680248260e-02
-1.445929519832134247e-03
-1.027162279933691025e-02
-7.053773850202560425e-03
3.217371180653572083e-02
-7.598768454045057297e-03
3.129627555608749390e-03
3.274943213909864426e-03
-1.380030717700719833e-02
-1.777782663702964783e-02
-1.536307018250226974e-02
7.313650712603703141e-05
1.042835973203182220e-02
-1.185247558169066906e-03
-3.552753105759620667e-02
1.983447745442390442e-02
1.518943905830383301e-02
-6.615232210606336594e-03
1.354175806045532227e-02
-2.466498687863349915e-02
3.156233578920364380e-02
-3.978093713521957397e-02
6.924074143171310425e-03
-6.912361830472946167e-03
9.129719808697700500e-03
2.733836299739778042e-04
-5.165614187717437744e-03
-1.352277584373950958e-02
-3.976296633481979370e-03
1.315540727227926254e-02
-4.163404554128646851e-02
1.322710327804088593e-02
1.765835285186767578e-02
1.931725442409515381e-02
1.138718705624341965e-02
-2.418848313391208649e-02
-1.903759129345417023e-02
1.287949923425912857e-02
2.255600132048130035e-02
9.886595420539379120e-03
2.837330847978591919e-02
5.020492896437644958e-02
1.742530427873134613e-02
4.841823503375053406e-02
-2.760988660156726837e-02
1.782166218617931008e-04
-1.253112033009529114e-02
5.882794968783855438e-03
-3.758470411412417889e-04
3.995508886873722076e-03
9.750762837938964367e-04
8.359801024198532104e-03
1.059141568839550018e-02
9.143396280705928802e-03
-3.766505746170878410e-03
4.526469390839338303e-03
1.311252708546817303e-03
-3.570609958842396736e-03
-1.092767808586359024e-03
2.142158895730972290e-02
2.410890301689505577e-03
1.052032131701707840e-02
2.237893873825669289e-03
-5.680036731064319611e-03
6.807650439441204071e-03
-2.252869680523872375e-02
-7.772460579872131348e-03
1.751211099326610565e-02
-2.251872234046459198e-02
3.015477582812309265e-02
1.365018979413434863e-04
2.439578762277960777e-03
-1.652135141193866730e-02
-1.465216558426618576e-02
-6.303656846284866333e-03
9.856133721768856049e-03
2.850152365863323212e-02
1.030234433710575104e-02
3.872511908411979675e-02
-8.469562046229839325e-03
5.883329082280397415e-03
5.934257642365992069e-04
1.218613050878047943e-02
-1.726854033768177032e-02
-8.654237724840641022e-03
-1.005907636135816574e-02
-1.678922958672046661e-02
-1.170655712485313416e-02
-1.222462579607963562e-02
1.434090640395879745e-02
-2.302385121583938599e-02
-1.354370178887620568e-04
-1.589931175112724304e-02
-2.267404086887836456e-02
2.297409623861312866e-02
2.282929234206676483e-02
1.650268584489822388e-02
-1.525967568159103394e-02
-3.087783791124820709e-02
-2.491398248821496964e-03
1.951568876393139362e-03
3.039001952856779099e-03
1.694739237427711487e-02
-1.161600276827812195e-02
-3.641603747382760048e-03
-1.042235526256263256e-03
-2.478248206898570061e-03
2.806845307350158691e-02
-1.979258097708225250e-02
1.699122413992881775e-02
2.457466349005699158e-02
-1.756293140351772308e-02
1.257695257663726807e-02
-9.549270384013652802e-03
4.442768695298582315e-04
4.079743102192878723e-02
-3.241802798584103584e-03
2.622586861252784729e-02
5.776521563529968262e-02
-8.812770247459411621e-03
5.157850682735443115e-04
1.231034169904887676e-03
2.052961150184273720e-03
2.378037897869944572e-04
5.694788880646228790e-03
6.635759491473436356e-03
-2.666411176323890686e-02
4.660761915147304535e-03
-3.743214160203933716e-02
1.634539477527141571e-02
2.695820480585098267e-02
5.530694033950567245e-04
-8.694155141711235046e-03
4.610162228345870972e-03
3.914706408977508545e-02
7.736175321042537689e-03
-1.382598001509904861e-02
2.326424419879913330e-02
7.420544978231191635e-03
4.725750908255577087e-02
5.774612072855234146e-03
-2.317635901272296906e-02
-1.787264272570610046e-02
1.266975305043160915e-03
-2.088050357997417450e-02
5.591020733118057251e-02
1.060970313847064972e-02
1.355532836169004440e-02
-8.271964266896247864e-03
7.117557805031538010e-03
-2.568761119619011879e-03
-1.512091723270714283e-03
-2.634631656110286713e-02
9.682956151664257050e-03
2.344555594027042389e-02
1.615231297910213470e-02
-2.145075984299182892e-02
1.301006786525249481e-02
-1.958631165325641632e-02
-2.069309819489717484e-03
1.400285679847002029e-02
-1.455063000321388245e-02
-6.877105683088302612e-03
1.707640103995800018e-02
3.539440920576453209e-03
-1.023023203015327454e-02
-1.476705353707075119e-02
1.777006126940250397e-02
1.009733602404594421e-02
4.052219446748495102e-03
-5.511363968253135681e-03
-4.333509597927331924e-03
7.732872851192951202e-03
4.391520284116268158e-03
4.197484347969293594e-03
1.471876632422208786e-02
-1.856600306928157806e-02
6.803405471146106720e-03
-5.970878410153090954e-04
