5.713685066144784044e-05
2.918405070833966948e-03
-1.289360621653096704e-04
3.085927739246174285e-04
3.329157957154860181e-02
-2.840123536874361587e-01
6.248943185834282543e-01
-3.402913718536209053e-01
-3.875068244315752614e-02
8.130308525615725576e-03
-3.335870005916421327e-02
-2.943860700544689846e-01
6.364559716110173015e-01
-3.412546448962801016e-01
4.137891801419210647e-02
-1.007162102823869546e-02
-7.108355392409844431e-03
1.484956320766883942e-01
0.0
0.0
0.0
0.0
0.0
0.0
0.0
0.0
0.0
0.0
0.0
0.0
0.0
0.0