1.000000000000000021e-02
1.000000000000000021e-02
1.000000000000000021e-02
1.000000000000000021e-02
1.000000000000000021e-02
1.144567424604465110e-02
1.619902008705822322e-02
1.029234265051632256e-02
1.000000000000000021e-02
1.000000000000000021e-02
1.000000000000000021e-02
1.319630897397907135e-02
1.898347420535662772e-02
1.017625334791049697e-02
1.000000000000000021e-02
4.315629848114512779e-01
5.682850539554006319e-01
3.710723672840920279e-02
0.01
1.0
1.0
1.0
1.0
1.0
1.0
1.0
1.0
1.0
1.0
1.0
1.0
1.0