-8.123915642499923706e-02
9.436954557895660400e-02
7.416570093482732773e-03
5.504143983125686646e-02
-1.085440292954444885e-01
-5.041925236582756042e-02
1.281833797693252563e-01
-3.891547396779060364e-02
5.704835429787635803e-02
3.824684768915176392e-02
-1.040269285440444946e-01
9.669193625450134277e-02
-8.476176857948303223e-02
3.868636488914489746e-02
-1.176072061061859131e-01
1.274469494819641113e-01
-9.064104408025741577e-02
-7.751638442277908325e-02
-4.389132186770439148e-02
1.773502118885517120e-02
5.889901518821716309e-02
5.396005697548389435e-03
7.303425669670104980e-02
-2.238092385232448578e-02
-9.737924486398696899e-02
-3.752029314637184143e-02
-6.197065860033035278e-02
-2.392857335507869720e-02
4.914414137601852417e-02
9.657672792673110962e-02
9.248479455709457397e-02
6.763821840286254883e-02
